0 0
2 0
3 0
5 0
6 0
10 0
12 0
13 0
14 0
15 0
17 0
18 0
19 0
22 0
23 0
27 0
29 0
31 0
33 0
34 0
35 0
36 0
38 0
41 0
42 0
49 0
50 0
53 0
54 0
56 0
58 0
59 0
61 0
62 0
64 0
65 0
67 0
69 0
72 0
76 0
80 0
81 0
85 0
86 0
90 0
0 0
2 15083
3 49055
5 63192
6 68791
10 70912
12 70912
13 76411
14 108488
15 112759
17 143134
18 166833
19 176703
22 186383
23 209606
27 228765
29 231378
31 249820
33 268404
34 270062
35 270062
36 274517
38 301542
41 314023
42 330699
49 354833
50 356491
53 378786
54 379278
56 401282
58 415255
59 430403
61 457762
62 463575
64 485226
65 487839
67 500932
69 517046
72 518704
76 543744
80 564381
81 568784
85 589421
86 593692
90 618600
