0 0
0 0
0 0
0 0
0 0
0 0
7 10
7 21
7 31
8 31
8 31
8 31
8 31
8 31
9 31
9 31
9 31
9 31
9 31
9 31
9 31
9 31
9 31
9 31
10 32
10 32
17 32
17 32
38 74
38 74
49 117
50 117
50 117
50 117
50 117
50 117
50 117
51 117
52 117
52 117
57 124
58 137
59 137
59 140
60 140
60 141
60 156
61 165
61 165
62 165
62 165
62 165
62 170
62 170
62 170
63 170
63 170
63 170
66 170
67 170
67 170
67 170
69 170
69 171
70 171
70 171
70 171
70 171
71 171
72 171
72 171
73 171
75 171
76 171
76 171
76 171
76 171
76 171
77 171
77 171
77 171
77 171
85 171
86 171
