17 32
17 32
18 32
18 32
19 32
19 32
24 42
26 42
26 53
27 53
27 53
27 63
28 63
28 63
28 63
28 63
28 64
28 64
28 64
28 64
28 64
29 64
29 64
29 64
29 64
29 64
37 74
37 74
38 74
38 74
38 74
39 74
39 74
39 74
46 85
46 95
47 114
47 114
47 114
47 114
48 114
48 114
48 114
48 114
48 114
48 114
48 114
48 114
51 117
51 117
60 140
60 140
60 140
60 140
69 170
69 171
83 171
83 171
84 171
84 171
85 171
86 171
86 171
90 171
90 181
91 192
91 192
91 192
91 192
91 192
91 192
92 192
92 192
92 192
93 192
93 192
93 192
93 192
93 192
93 192
93 192
94 192
101 192
102 192
